636722
636723
636724
636725
636726
636727
636728
636729
636730
636731
636732
636733
636734
636735
636736
636737
636738
636739
636740
636741
636742
636743
636744
636745
636746
636747
636748
636749
636750
636751
636752
636753
636754
636755
636756
636757
636758
636759
636760
636761
636762
636763
636764
636765
636766
636767
636768
636769
636770
636771
636772
636773
636774
636775
636776
636777
636778
636779
636780
636781
636782
636783
636784
636785
636786
636787
636788
636789
636790
636791
636792
636793
636794
636795
636796
636797
636798
636799
636800
636801
636802
636803
636804
636805
636806
636807
636808
636809
636810
636811
636812
636813
636814
636815
636816
636817
636818
636819
636820
636821
636822
636823
636824
636825
636826
636827
636828
636829
636830
636831
636832
636833
636834
636835
636836
636837
636838
636839
636840
636841
636842
636843
636844
636845
636846
636847
636848
636849
636850
636851
636852
636853
636854
636855
636856
636857
636858
636859
636860
636861
636862
636863
636864
636865
636866
636867
636868
636869
636870
636871
636872
636873
636874
636875
636876
636877
636878
636879
636880
636881
636882
636883
636884
636885
636886
636887
636888
636889
636890
636891
636892
636893
636894
636895
636896
636897
636898
636899
636900
636901
636902
636903
636904
636905
636906
636907
636908
636909
636910
636911
636912
636913
636914
636915
636916
636917
636918
636919
636920
636921
636922
636923
636924
636925
636926
636927
636928
636929
636930
636931
636932
636933
636934
636935
636936
636937
636938
636939
636940
636941
636942
636943
636944
636945
636946
636947
636948
636949
636950
636951
636952
636953
636954
636955
636956
636957
636958
636959
636960
636961
636962
636963
636964
636965
636966
636967
636968
636969
636970
636971
636972
636973
636974
636975
636976
636977
636978
636979
636980
636981
636982
636983
636984
636985
636986
636987
636988
636989
636990
636991
636992
636993
636994
636995
636996
636997
636998
636999
637000
637001
637002
637003
637004
637005
637006
637007
637008
637009
637010
637011
637012
637013
637014
637015
637016
637017
637018
637019
637020
637021
637022
637023
637024
637025
637026
637027
637028
637029
637030
637031
637032
637033
637034
637035
637036
637037
637038
637039
637040
637041
637042
637043
637044
637045
637046
637047
637048
637049
637050
637051
637052
637053
637054
637055
637056
637057
637058
637059
637060
637061
637062
637063
637064
637065
637066
637067
637068
637069
637070
637071
637072
637073
637074
637075
637076
637077
637078
637079
637080
637081
637082
637083
637084
637085
637086
637087
637088
637089
637090
637091
637092
637093
637094
637095
637096
637097
637098
637099
637100
637101
637102
637103
637104
637105
637106
637107
637108
637109
637110
637111
637112
637113
637114
637115
637116
637117
637118
637119
637120
637121
637122
637123
637124
637125
637126
637127
637128
637129
637130
637131
637132
637133
637134
637135
637136
637137
637138
637139
637140
637141
637142
637143
637144
637145
637146
637147
637148
637149
637150
637151
637152
637153
637154
637155
637156
637157
637158
637159
637160
637161
637162
637163
637224
637225
637226
637227
637228
637229
637230
637231
637232
637233
637234
637235
637236
637237
637238
637239
637240
637241
637242
637243
637244
637245
637246
637247
637248
637249
637250
637251
637252
637253
637254
637255
637256
637257
637258
637259
637260
637261
637262
637263
637264
637265
637266
637267
637268
637269
637270
637271
637272
637273
637274
637275
637276
637277
637278
637279
637280
637281
613722
613723
613724
613725
613726
613727
613728
613729
613730
613731
613732
613733
613734
613735
613736
613737
613738
613739
613740
613741
613742
613743
613744
613745
613746
613747
613748
613749
613750
613751
613752
613753
613754
613041
613042
613043
613044
613045
613046
613047
613048
613049
613050
613051
613052
613053
613054
613055
613056
613057
613058
613059
613060
613061
613062
613063
613064
613065
613066
613067
613068
613069
613070
613071
613072
613073
613074
613075
613076
613077
613078
613079
613080
613081
613082
613083
613084
613085
613086
613087
613088
613089
613090
613091
613092
613093
613094
613095
613096
613097
613098
613099
613100
613101
613102
613103
613104
613105
613106
613107
613173
613174
613175
613176
613177
613178
613179
613180
613181
613182
613183
613184
613185
613186
613187
613188
613189
613190
613191
613192
613220
613221
613222
613223
613224
613225
613226
613227
613228
613229
613230
613231
613232
613233
613234
613235
613236
613237
613238
613239
613240
613241
613242
613243
613244
613245
613246
613247
613248
613249
613250
613251
613252
613253
613254
613255
613256
613257
613258
613259
613260
613261
613262
613263
613264
613265
613266
613267
613268
613269
613270
613271
613272
613273
613274
613275
613276
613277
613278
613279
613280
613281
613282
613283
613284
613285
613286
613287
613288
613289
613290
613291
613292
613293
613294
613295
613296
613297
613298
613299
613300
613301
613302
613303
613304
613305
613306
613307
613308
613309
613310
613311
613312
613313
613314
613315
613316
613317
613318
613319
613320
613321
613322
613323
613324
613325
613326
613327
613328
613329
613330
613331
613332
613333
613334
613335
613336
613337
613338
613339
613340
613341
613342
613343
613344
613345
613346
613347
613348
613349
613350
613351
613352
613353
613354
613355
613356
613357
613358
613359
613360
613361
613362
613363
613364
613365
613366
613367
613368
613369
613370
613371
613372
613373
613374
613375
613376
613377
613378
613379
613380
613381
613382
613383
613384
613385
613386
613387
613388
613389
613390
613391
613392
613393
613394
613395
613396
613397
613398
613399
613400
613401
613402
613403
613404
613405
613406
613407
613408
613409
613410
613411
613412
613413
613414
613415
613416
613417
613418
613419
613420
613421
613422
613423
613424
613425
613426
613427
613428
613429
613430
613431
613432
613433
613434
613435
613436
613437
613438
613439
613440
613441
613442
613443
613444
613445
613446
613447
613448
613449
613450
613451
613452
613453
613454
613455
613456
613458
613459
613460
613461
613462
613463
613464
613465
613466
613467
613468
613469
613470
613471
613472
613473
613474
613475
613476
613477
613478
613479
613480
613481
613482
613483
613484
613485
613486
613487
613488
613489
613490
613491
613492
613493
613494
613495
613496
613497
613498
613499
613500
613501
613502
613503
613504
613505
613506
613507
613508
613509
613510
613511
613512
613513
613514
613515
613516
613517
613518
613519
613520
613521
613522
613523
613524
613525
613526
613527
613528
613529
613530
613531
613532
613533
613534
613535
613536
613537
613538
613539
613540
613541
613542
613543
613544
613545
613546
613547
613548
613549
613550
613551
613552
613553
613554
613555
613556
613557
613558
613559
613560
613561
613562
613563
613564
613565
613566
613567
613568
613569
613570
613571
613572
613573
613574
613575
613576
613577
613578
613755
613756
613757
613758
613759
613760
613761
613762
613763
613764
613765
613766
613767
613768
613769
613770
613771
613772
613773
613774
613775
613776
613777
613778
613779
613780
613781
613782
613783
613784
613785
613786
613787
613788
613789
613790
613791
613792
613793
613794
613795
613796
613797
613798
613799
613800
613801
613802
613803
613804
613805
613806
613807
613808
613809
613810
613811
613812
613813
613814
613815
613816
613817
613818
613819
613820
613821
613822
613823
613824
613825
613826
613827
613828
613829
613830
613831
613832
613833
613834
613835
613836
613837
613838
613839
613840
613841
613842
613843
613844
613845
613846
613847
613848
613849
613850
613851
613852
613853
613854
613855
613856
613857
613858
613859
613860
613861
613862
613863
613864
613865
613866
613867
613868
613869
611301
611302
611303
611304
611305
611306
611307
611308
611309
611310
611311
611312
611313
611314
611315
611316
611317
611318
611319
612978
612979
612980
612981
612982
612983
612984
612985
613013
613014
613015
613016
613017
613018
613019
613020
613021
613022
613023
613024
613025
613026
613027
613028
613029
613030
613031
613032
613033
613034
613035
613036
613037
613038
613039
613040
613870
613871
613872
613873
613874
613875
613876
613877
613878
613879
613880
613881
613882
613883
613884
613885
613886
613887
613888
613889
613890
613891
613892
613893
613894
613895
613896
613897
613898
613899
613900
613901
613902
613903
613904
613905
613906
613907
613908
613909
613910
613911
613912
613913
613914
613915
613916
613917
613918
613919
613920
613921
613922
613923
613924
613925
613926
613927
613928
613929
613930
613931
613932
613933
613934
613935
613936
613937
613938
613939
613940
613941
613942
613943
613944
613945
613946
613947
613948
613949
613950
613951
613952
613953
613954
613955
613956
613957
613958
613959
613960
613961
613962
613963
613964
613965
613966
613967
613968
613969
613970
613971
613972
613973
613974
613975
613976
613977
613978
613979
613980
613981
613982
613983
613984
613985
613986
613987
613988
613989
613990
613991
613992
613993
613994
613995
613996
613997
613998
613999
614000
614001
614002
614003
614004
614005
614006
614007
614008
614009
614010
614011
614012
614013
614014
614015
614016
614017
614018
614019
614020
614021
614022
614023
614024
614025
614026
614027
614028
614029
614030
614031
614032
614033
614034
614035
614036
614037
614038
614039
614040
614041
614042
614043
614044
614045
614046
614047
614048
614049
614050
614051
614052
614053
614054
614055
614056
614057
614058
614059
614060
614061
614062
614063
614064
614065
614066
614067
614068
614069
614070
614071
614072
614073
614074
614075
614076
614077
614078
608893
608894
608895
608896
608897
608898
608899
608900
608901
608902
608903
608904
608905
608906
608907
608908
608909
608910
608911
608912
608913
608914
608915
608916
608917
608918
608919
608920
608921
608922
608923
608924
608925
608926
608927
608928
608929
608930
608931
608932
608933
608934
608935
608936
608937
608938
608939
608940
608941
608942
608943
608944
608945
608946
608947
608948
608949
608950
608951
608952
608953
608954
608955
608956
608957
608958
608959
608960
608961
608962
608963
608964
608965
608966
608967
608968
608969
608970
608971
608972
608973
608974
608975
608976
608977
608978
608979
608980
608981
608982
608983
608984
608985
608986
608987
608988
608989
608990
608991
608992
608993
608994
608995
608996
608997
608998
608999
609000
609001
609002
609003
609004
609005
609006
609007
609008
609009
609010
609011
609012
609013
609014
609015
609016
609017
609018
609019
609020
609021
609022
609023
609024
609025
609026
609027
609028
609029
609030
609031
609032
609033
609034
609035
609036
609037
609038
609039
609040
609041
609042
609043
609044
609045
609046
609047
609048
609049
609050
609051
609052
609053
609054
609055
609056
609057
609058
609059
609060
609061
609062
609063
609064
609065
609066
609067
609068
609069
609070
609071
609072
609073
609074
609075
609076
609077
609078
609079
609080
609081
609082
609083
609084
609085
609086
609087
609088
609089
609090
609091
609092
609093
609094
609095
609096
609097
609098
609099
609100
609101
609102
609103
609104
609105
609106
609107
609108
609109
609110
609111
609112
609113
609114
609115
609116
609117
609118
609119
609120
609121
609122
609123
609124
609125
609126
609127
609128
609129
609130
609132
609133
609134
609135
609136
609137
609138
609139
609140
609141
609142
609143
609144
609145
609146
609147
609148
609149
609150
609151
609152
609153
609154
609155
609156
609157
609158
609159
609160
609161
609162
609163
609164
609165
609166
609167
609168
609169
609170
609171
609172
609173
609174
609175
609176
609177
609178
609179
609180
609181
609182
609183
609184
609185
609186
609187
609188
609189
609190
609191
609192
609193
609194
609195
609196
609197
609198
609199
609200
609201
609202
609203
609204
609205
609206
609207
609208
609209
609210
609211
609212
609213
609214
609215
609216
609217
609218
609219
609220
609221
609222
609223
609224
609225
609226
609227
609228
609229
609230
609231
609232
609233
609234
609235
609236
609237
609238
609239
609240
609241
609242
609243
609244
609245
609246
609247
609248
609249
609250
609251
609252
609253
609254
609255
609256
609257
609258
609259
609260
609261
609262
609263
609264
609265
609266
609267
609268
609269
609270
609271
609272
609273
609274
609275
609276
609277
609278
609279
609280
609281
609282
609283
609284
609285
609286
609287
609288
609289
609290
609291
609292
609293
609294
609295
609296
609297
609298
609299
609300
609301
609302
609303
609304
609305
609306
609307
609308
609309
609310
609311
609312
609313
609314
609315
609316
609317
609318
609319
609320
609321
609322
609323
609324
609325
609326
609327
609328
609329
609330
609331
609332
609333
609334
609335
609336
609337
609338
609339
609340
609341
609342
609343
609344
609345
609346
609347
609348
609349
609350
609351
609352
609353
609354
609355
609356
609357
609358
609359
609360
609361
609362
609363
609364
609365
609366
609367
609368
609369
609370
609371
609372
609373
609374
609375
609376
609377
609378
609379
609380
609381
609382
609383
609384
609385
609386
609387
609388
609389
609390
609391
609392
609393
613579
613580
613581
613582
613583
613584
613585
613586
613587
613588
613589
613590
613591
613592
613593
613594
613595
613596
613597
613598
613599
613600
613601
613602
613603
613604
613605
613606
613607
613608
613609
613610
613611
613612
613613
613614
613615
613616
613617
613618
613619
613620
613621
613622
613623
613624
613625
613626
613627
613628
613629
613630
613631
613632
613633
613634
613635
613636
613637
613638
613639
613640
613641
613642
613643
613644
613645
613646
613647
613648
613649
613650
613651
613652
613653
613654
613655
613656
613657
613658
613659
613660
613661
613662
613663
613664
613665
613666
613667
613668
613669
613670
613671
613672
613673
613674
613675
613676
613677
613678
613679
613680
613681
613682
613683
613684
613685
613686
613687
613688
613689
613690
613691
613692
613693
613694
613695
613696
613697
613698
613699
613700
613701
613702
613703
613704
613705
613706
613707
613708
613709
613710
613711
613712
613713
613714
613715
613716
613717
613718
613719
613720
613721